P-value(Accuracy)   Baye                        SMO                              Tree

Baye                 X                1.9265217388695894e-06             0.96263604085500765

SMO         1.9265217388695894e-06                  X                    7.4116712186943012e-05

TREE        0.96263604085500765       7.4116712186943012e-05                      X
##############################################################################################
P-value(Precision)  

Baye V.S SMO  : pvalue=array([  7.61799011e-03,   6.73493797e-07]))
Baye V.S Tree : pvalue=array([ 0.0015122 ,  0.00264274])
Tree V.S SMO  : pvalue=array([  3.98668411e-05,   2.18206263e-04]))

###############################################################################################
P-value(Recall) 

Baye V.S SMO  : pvalue=array([  5.60629363e-07,   3.69393942e-05])
Baye V.S Tree : pvalue=array([  8.75235611e-06,   3.02823551e-06])
Tree V.S SMO  : pvalue=array([ 0.00710526,  0.00382302])


Baye Accuracy
59.7272727273
56.3636363636
59.0909090909
58.7272727273
57.9090909091
58.8181818182
57.6363636364
58.4545454545
58.8181818182
57.5304022451
Baye precision
(61.86252771618626, 41.75654853620955)
(58.3732057416268, 44.868035190615835)
(61.79245283018868, 42.60355029585799)
(60.43478260869565, 42.5)
(59.863945578231295, 43.39908952959029)
(61.04783599088838, 42.662632375189105)
(58.333333333333336, 42.95302013422819)
(59.20792079207921, 42.18487394957983)
(60.75388026607539, 42.526964560862865)
(61.267605633802816, 44.94556765163297)
Baye recall
(50.727272727272734, 68.72727272727272)
(44.36363636363637, 68.36363636363636)
(47.63636363636364, 70.54545454545455)
(50.54545454545455, 66.9090909090909)
(48.0, 67.81818181818183)
(48.72727272727273, 68.9090909090909)
(53.45454545454545, 61.81818181818181)
(54.36363636363636, 62.54545454545455)
(49.81818181818182, 67.81818181818183)
(47.45454545454545, 68.20809248554913)
SMO accuracy
62.7272727273
60.1818181818
62.2727272727
60.6363636364
61.3636363636
60.4545454545
61.1818181818
60.8181818182
61.5454545455
62.0564149227
SMO precision
(63.61867704280155, 38.05460750853242)
(59.72222222222222, 39.31297709923664)
(62.295081967213115, 37.74954627949184)
(60.317460317460316, 39.02439024390244)
(60.98418277680141, 38.22975517890772)
(60.397830018083184, 39.48811700182816)
(60.51282051282051, 38.05825242718446)
(60.64400715563506, 39.00184842883549)
(61.40035906642729, 38.30570902394107)
(62.292051756007396, 38.17204301075269)
SMO recall
(59.45454545454546, 66.0)
(62.54545454545455, 57.81818181818181)
(62.18181818181818, 62.36363636363637)
(62.18181818181818, 59.09090909090909)
(63.090909090909086, 59.63636363636363)
(60.72727272727273, 60.18181818181818)
(64.36363636363637, 57.99999999999999)
(61.63636363636363, 60.0)
(62.18181818181818, 60.909090909090914)
(61.272727272727266, 62.841530054644814)
TREE accuracy
61.5454545455
57.4545454545
59.0909090909
57.6363636364
57.9090909091
59.2727272727
57.1818181818
59.1818181818
57.3636363636
56.5969062784
TREE precision
(62.18809980806142, 39.03281519861831)
(57.400722021660656, 42.49084249084249)
(58.8339222614841, 40.63670411985019)
(58.04597701149425, 42.733564013840834)
(58.13084112149532, 42.30088495575221)
(58.91608391608392, 40.340909090909086)
(56.99115044247788, 42.61682242990654)
(58.516020236087684, 40.03944773175542)
(57.27109515260324, 42.5414364640884)
(56.952380952380956, 43.72822299651568)
TREE recall
(58.909090909090914, 64.18181818181819)
(57.81818181818181, 57.09090909090909)
(60.54545454545455, 57.63636363636364)
(55.09090909090909, 60.18181818181818)
(56.54545454545455, 59.27272727272728)
(61.272727272727266, 57.27272727272727)
(58.54545454545455, 55.81818181818182)
(63.090909090909086, 55.27272727272727)
(57.99999999999999, 56.72727272727273)
(54.36363636363636, 58.834244080145716)
